{
  "metrics": [
    "pjqw",
    "jsl",
    "pjxdsd",
    "pjqy",
    "pjfs",
    "rzss",
    "wsq"
  ],
  "matrix": [
    [
      1.0,
      -0.0006,
      -0.5773,
      -0.3844,
      0.4,
      0.7431,
      0.2498
    ],
    [
      -0.0006,
      1.0,
      0.6464,
      0.2268,
      -0.1274,
      -0.026,
      0.2452
    ],
    [
      -0.5773,
      0.6464,
      1.0,
      0.4565,
      -0.3952,
      -0.5154,
      -0.0892
    ],
    [
      -0.3844,
      0.2268,
      0.4565,
      1.0,
      -0.1101,
      -0.4302,
      -0.1981
    ],
    [
      0.4,
      -0.1274,
      -0.3952,
      -0.1101,
      1.0,
      0.3713,
      0.4103
    ],
    [
      0.7431,
      -0.026,
      -0.5154,
      -0.4302,
      0.3713,
      1.0,
      0.3163
    ],
    [
      0.2498,
      0.2452,
      -0.0892,
      -0.1981,
      0.4103,
      0.3163,
      1.0
    ]
  ]
}